# Created by Octave 9.2.0, Mon Sep 23 10:50:58 2024 CST <xavier@pop-os>
# name: SOS
# type: matrix
# rows: 2
# columns: 6
 2.256457447749483e-05 4.512900052319374e-05 2.2564426046675318e-05 1 -1.9408228439711848 0.94404642946207562
 1 1.000006578089738 0 1 -0.94400130031277318 0


