# Created by Octave 9.2.0, Mon Sep 23 10:50:58 2024 CST <xavier@pop-os>
# name: SOS
# type: matrix
# rows: 3
# columns: 6
 0.90289752201999274 -1.80216651795405 0.90266548344610598 1 -1.8991886944299918 0.90277707852943434
 1 -1.9962039235861138 0.99999405292239485 1 -1.9065733894052723 0.92134736398653838
 1 -1.996499633237707 1.0002630079601056 1 -1.9791920466888691 0.98010587625010348


