# Created by Octave 9.2.0, Mon Sep 23 10:50:58 2024 CST <xavier@pop-os>
# name: SOS
# type: matrix
# rows: 2
# columns: 6
 0.9244465617731541 -1.8488882933267354 0.92444173157881782 1 -1.918570032544294 0.92450263188812321
 1 -1.0000052249851679 0 1 -0.92439049165818377 0


