# Created by Octave 9.2.0, Mon Sep 23 10:50:58 2024 CST <xavier@pop-os>
# name: SOS
# type: matrix
# rows: 3
# columns: 6
 0.00012044276552320411 0.00024088614702277451 0.00012044338150272055 1 -1.8991886966798064 0.90277708063180129
 1 -2.0000049663886692 1.0000049664133341 1 -1.9065733893289745 0.92134736389826355
 1 -1.4787754720746449e-07 -0.99998991937052073 1 -1.9791920445153457 0.98010587406155381


