# Created by Octave 9.2.0, Mon Sep 23 10:50:58 2024 CST <xavier@pop-os>
# name: SOS
# type: matrix
# rows: 2
# columns: 6
 0.00026995652558355965 -0.00053871968116975082 0.00026995652558356014 1 -1.9868471245268569 0.9870237081171922
 1 1.0000000000000016 0 1 -0.9864837950684886 0


