# Created by Octave 9.2.0, Mon Sep 23 10:50:58 2024 CST <xavier@pop-os>
# name: SOS
# type: matrix
# rows: 3
# columns: 6
 6.2192419678654747e-05 0.00012438446545490748 6.2192045778500609e-05 1 -1.9434518264391547 0.95976328815153922
 1 -1.9999940261483307 0.99999402618401712 1 -1.9470652884794541 0.95074413198688745
 1 3.8173651129014274e-08 -1.0000119859129111 1 -1.9898838109871302 0.99073232955432744


