# Created by Octave 9.2.0, Mon Sep 23 10:50:58 2024 CST <xavier@pop-os>
# name: SOS
# type: matrix
# rows: 2
# columns: 6
 0.90984938904383406 -1.81934319711723 0.90984938904335178 1 -1.9572984976309038 0.9633534381954012
 1 -1.0000000000005271 0 1 -0.85634533989227102 0


