# Created by Octave 9.2.0, Mon Sep 23 10:50:58 2024 CST <xavier@pop-os>
# name: SOS
# type: matrix
# rows: 2
# columns: 6
 0.00091072970362859125 -0.0017743214265468583 0.00091072970362859125 1 -1.9697223754124538 0.9729925654346363
 1 1.0000000000000004 0 1 -0.97117110602685708 0


