# Created by Octave 9.2.0, Mon Sep 23 10:50:58 2024 CST <xavier@pop-os>
# name: SOS
# type: matrix
# rows: 3
# columns: 6
 0.88489099304085195 -1.7647259369167299 0.88489099279944872 1 -1.9447696737414277 0.9611897652768806
 1 -1.9962282681026606 1.0000000006886141 1 -1.9902746344470237 0.99111829673050211
 1 -1.9975106328926273 0.99999999958419394 1 -1.8137023593689499 0.81712922359906082


